(200k_cpu_p3m_0 113705.70 6.03 113987 99)
(200k_cpu_p3m_1 114616.32 36.54 115032 99)
(200k_cpu_p3m_2 113625.86 92.52 114070 99)
(200k_cpu_p3m_3 113986.75 2.72 114307 99)
(200m_cudampi_p3m_0 0.17 0.16 4822 0)
(vsum_cuda_0 112.62 515.38 4557 13)
(vsum_cuda_1 111.90 507.22 4518 13)
(vsum_cuda_2 112.16 517.51 4120 15)
(vsum_cuda_3 112.24 513.96 7927 7)
(vsum_cudampi_0 8.51 26.41 17852 0)
(vsum_cudampi_0 10.98 40.23 17852 0)
(vsum_cudampi_0 11.17 39.88 17852 0)
(vsum_cudampi_0 11.00 39.79 17852 0)
(vsum_cudampi_0 8.35 28.26 17852 0)
(vsum_cudampi_0 10.71 41.00 17852 0)
(vsum_cudampi_0 11.60 40.56 17852 0)
(vsum_cudampi_0 11.23 40.64 17852 0)
(vsum_cudampi_0 11.13 40.60 17852 0)
(vsum_cudampi_0 10.97 37.13 17852 0)
(vsum_cudampi_0 11.01 41.09 17852 0)
(vsum_cudampi_0 11.19 41.28 17852 0)
(vsum_cudampi_0 11.55 41.58 17852 0)
(vsum_cudampi_0 0.20 0.52 17856 0)
(vsum_cudampi_1 7.70 26.21 17839 0)
(vsum_cudampi_1 10.20 39.50 17839 0)
(vsum_cudampi_1 9.86 40.78 17839 0)
(vsum_cudampi_1 9.83 40.28 17839 0)
(vsum_cudampi_1 10.09 40.89 17839 0)
(vsum_cudampi_1 9.68 41.85 17839 0)
(vsum_cudampi_1 10.22 38.22 17839 0)
(vsum_cudampi_1 10.06 40.21 17839 0)
(vsum_cudampi_1 10.22 39.53 17840 0)
(vsum_cudampi_1 10.26 35.72 17840 0)
(vsum_cudampi_1 9.86 41.13 17840 0)
(vsum_cudampi_1 10.40 39.47 17840 0)
(vsum_cudampi_1 7.71 27.68 17840 0)
(vsum_cudampi_1 0.23 0.49 17844 0)
(vsum_cudampi_2 7.48 26.80 17842 0)
(vsum_cudampi_2 10.05 39.49 17842 0)
(vsum_cudampi_2 10.03 40.41 17842 0)
(vsum_cudampi_2 10.17 40.91 17842 0)
(vsum_cudampi_2 10.17 39.03 17842 0)
(vsum_cudampi_2 10.66 34.21 17842 0)
(vsum_cudampi_2 9.52 40.93 17842 0)
(vsum_cudampi_2 9.68 41.64 17843 0)
(vsum_cudampi_2 10.01 40.43 17843 0)
(vsum_cudampi_2 10.01 40.54 17842 0)
(vsum_cudampi_2 7.43 28.82 17843 0)
(vsum_cudampi_2 10.14 40.44 17843 0)
(vsum_cudampi_2 10.18 40.13 17843 0)
(vsum_cudampi_2 0.25 0.46 17847 0)
(vsum_cudampi_3 7.80 26.59 17842 0)
(vsum_cudampi_3 10.04 40.55 17842 0)
(vsum_cudampi_3 10.24 40.94 17842 0)
(vsum_cudampi_3 10.05 39.51 17842 0)
(vsum_cudampi_3 10.27 39.15 17842 0)
(vsum_cudampi_3 9.88 41.50 17842 0)
(vsum_cudampi_3 10.01 39.70 17842 0)
(vsum_cudampi_3 9.75 40.86 17842 0)
(vsum_cudampi_3 10.34 35.01 17843 0)
(vsum_cudampi_3 7.42 28.48 17843 0)
(vsum_cudampi_3 9.73 40.52 17842 0)
(vsum_cudampi_3 9.80 41.02 17843 0)
(vsum_cudampi_3 10.25 41.07 17843 0)
(vsum_cudampi_3 0.20 0.52 17847 0)
(200k_cudampi_p3m_0 0.16 0.03 55.32 0)
(200k_cudampi_p3m_1 0.12 0.05 9.98 1)
(200k_cudampi_p3m_2 0.15 0.02 10.04 1)
(200k_cudampi_p3m_3 0.16 0.01 10.03 1)
(200k_gpu_p3m_0 44.56 4.80 52.89 93)
(200k_gpu_p3m_1 44.65 4.80 52.73 93)
(200k_gpu_p3m_2 44.65 4.86 52.92 93)
(200k_gpu_p3m_3 44.65 4.89 52.9 93)
(200m_cudampi_p3m_1 0.07 0.00 0.32 25)
(200m_cudampi_p3m_2 0.06 0.00 0.23 30)
(200m_cudampi_p3m_3 0.05 0.01 0.23 31)
(20k_cpu_p3m_0 2368.39 1.30 2377.88 99)
(20k_cpu_p3m_1 2387.60 0.01 2393.17 99)
(20k_cpu_p3m_2 2384.36 7.72 2406.95 99)
(20k_cpu_p3m_3 2389.23 0.03 2394 99)
(20k_cudampi_p3m_0 0.15 0.04 32.11 0)
(20k_cudampi_p3m_1 0.18 0.02 7.09 3)
(20k_cudampi_p3m_2 0.19 0.04 5.38 4)
(20k_cudampi_p3m_3 0.17 0.03 5.41 3)
(20k_gpu_p3m_0 22.31 2.42 26.79 92)
(20k_gpu_p3m_1 22.28 2.54 26.8 92)
(20k_gpu_p3m_2 22.39 2.34 26.77 92)
(20k_gpu_p3m_3 22.23 2.55 26.93 92)
(20m_cudampi_p3m_0 0.16 0.09 1032.8 0)
(20m_cudampi_p3m_1 0.13 0.07 922.06 0)
(20m_cudampi_p3m_2 0.16 0.04 924.92 0)
(20m_cudampi_p3m_3 0.15 0.04 920.4 0)
(20m_gpu_p3m_0 1290.24 159.78 1513.85 95)
(20m_gpu_p3m_1 1290.10 157.60 1511.14 95)
(20m_gpu_p3m_2 1288.76 160.96 1507.24 96)
(20m_gpu_p3m_3 1287.91 158.81 1507.67 95)
(2k_cpu_p3m_0 28.62 0.01 29.81 96)
(2k_cpu_p3m_1 28.86 0.01 30.38 95)
(2k_cpu_p3m_2 28.88 0.02 31.67 91)
(2k_cpu_p3m_3 28.86 0.02 31.21 92)
(2k_cudampi_p3m_0 0.13 0.02 36.4 0)
(2k_cudampi_p3m_1 0.14 0.09 1941.2 0)
(2k_cudampi_p3m_2 0.13 0.02 68.16 0)
(2k_cudampi_p3m_3 0.15 0.06 1232.92 0)
(2k_gpu_p3m_0 9.99 1.49 12.83 89)
(2k_gpu_p3m_1 10.11 1.52 14.61 79)
(2k_gpu_p3m_2 9.99 1.60 14.48 80)
(2k_gpu_p3m_3 10.18 1.46 14.64 79)
(2m_cudampi_p3m_0 0.16 0.05 133.76 0)
(2m_cudampi_p3m_1 0.15 0.02 85.68 0)
(2m_cudampi_p3m_2 0.16 0.01 85.75 0)
(2m_cudampi_p3m_3 0.15 0.02 85.85 0)
(2m_gpu_p3m_0 186.64 21.21 218.15 95)
(2m_gpu_p3m_1 186.37 21.22 216.22 96)
(2m_gpu_p3m_2 186.92 21.36 218.25 95)
(2m_gpu_p3m_3 186.43 21.13 217.79 95)
(vsum_cpu_0 2.63 11.67 234.97 6)
(vsum_cpu_1 2.64 10.99 245.98 5)
(vsum_cpu_2 2.93 10.19 235.7 5)
(vsum_cpu_3 2.72 11.02 241.47 5)
(vsum_mpi_0 0.16 0.05 269.34 0)
(vsum_mpi_1 0.15 0.04 268.09 0)
(vsum_mpi_2 0.15 0.04 268.8 0)
(vsum_mpi_3 0.15 0.04 268.16 0)
